Template: NONE
Grime: 0.1347825
Palette: 21
FadePalette: 10, 0.2086956
