Template: NONE
Clouds: 0.1391306
Palette: 23232323
EffectColorB: 6
PlacedObjects: CustomDecal><183.4278><2049.154><118.4~44.2666~109.8667~-337.0667~-4.800018~-307.2~-307.7334~-336.5333~0.3188407~1~1~verybigsimple~0.2971014~0.3826087~0.2971014~0.3826087~0.1637683~0.3826087~0.2217392~0.3826087, CustomDecal><454.2457><1663.374><81.06665~104.5333~214.9334~114.1333~166.9333~-20.26666~-348.8~-38.93329~0.3072467~0.4086954~0~goblin~0.5~0.5391305~0.5~0.5391305~0.5~0.5391305~0.5~0.5391305, CustomDecal><188.6501><1810.532><-36.79999~143.4667~70.93335~172.2667~135.4666~40.53336~223.4666~-243.2~0.3014486~1~0.4985511~jackalopeskull~0.6333333~0.5043474~0.6333333~0.5043474~0.5115933~0.5043474~0.5231881~0.5043474, CustomDecal><630.4224><1637.081><11.73328~62.39999~155.7333~52.8~127.4667~-41.06666~-557.3333~-59.19998~0.3188404~1~0~whitetag7~0.5~0.2492755~0.5~0.2492755~0.5~0.2492755~0.5~0.2492755, LightSource><490.5436><442.6337><0.1188401~Environment~4.266693~365.6~-281.2~-182.7308~1~1~None~0~0, LightSource><472><433.0666><0.2405794~Environment~4.266693~365.6~-482.8~-352.3308~1~0~None~0~0, LightSource><222.3505><340.1971><0.1768122~Environment~-7.466644~225.8667~50~86.60254~1~1~None~0~0, LightSource><856.5022><946.9253><0.08405735~Environment~21.8667~344.8~50~86.60254~1~0~None~0~0, LightSource><860.1185><839.6935><0.1188414~Environment~-10.66669~298.4~50~86.60254~1~1~None~0~0, 
AmbientSounds: OMNI><AM_ENV-CityTone.ogg><770.8596><561.3998><0.2913042><1, OMNI><AM_ENV-WallHum.ogg><731.1045><428.5373><0.181159><1, OMNI><AM_IND-Utility03.ogg><733.9115><360.3799><0.1869567><1, SPOT><AM_IND-Utility04.ogg><298.7832><199.3388><0.4072465><1><-120.4168><692.1388><-257.222><-76.95532><0><0.5115947, DIR><AM_ENV-LightWind.ogg><732.6808><519.4933><0.5><1><33.18204><0, 
FadePalette: 8, 0.1623189, 0.1565217, 0.2086956
MorePalette0: 21, 0.005797013, 0.04637677, 0.08116017
