Template: NONE
Clouds: 0.1333333
Palette: 23232323
PlacedObjects: LightSource><597.2825><187.2215><0.1884049~Environment~-59.19995~207.7333~50~86.60254~1~0~None~0~0, LightSource><628.5167><410.0059><0.07826167~Environment~-109.3334~212.5333~50~86.60254~1~1~None~0~0, LightSource><626.6329><204.8604><0.06666702~Environment~-27.20001~176.8~50~86.60254~1~1~None~0~0, CustomDecal><537.0043><190.2604><-3.733337~88.53336~111.4667~91.19998~137.6~-8.000015~-254.9333~121.0667~0.2840583~1~0~whitejunkspirals~0.5~0.4927534~0.5~0.4927534~0.5~0.4927534~0.5~0.4927534, 
FadePalette: 21, 0.1971014
